0.000  273.0 273.0
1.000  294.9 294.9
2.000  334.0 334.0
3.000  362.5 362.5
4.000  383.2 383.2
5.000  399.0 399.0
6.000  411.4 411.4
7.000  421.6 421.6
8.000  430.0 430.0
9.000  437.2 437.2
10.000  443.5 443.5
11.000  448.9 448.9
12.000  453.7 453.7
13.000  458.0 458.0
14.000  461.8 461.8
15.000  465.3 465.3
16.000  468.5 468.5
17.000  471.4 471.4
18.000  474.1 474.1
19.000  476.6 476.6
20.000  478.9 478.9
21.000  481.1 481.1
22.000  483.1 483.1
23.000  485.0 485.0
24.000  486.7 486.8
25.000  488.4 488.4
26.000  490.0 490.0
27.000  491.5 491.5
28.000  492.9 492.9
29.000  494.2 494.3
30.000  495.5 495.6
31.000  496.7 496.8
32.000  497.9 498.0
33.000  499.0 499.1
34.000  500.0 500.2
35.000  501.1 501.2
36.000  502.0 502.2
37.000  503.0 503.2
38.000  503.9 504.1
39.000  504.7 505.0
40.000  505.6 505.8
41.000  506.4 506.6
42.000  507.2 507.4
43.000  507.9 508.2
44.000  508.6 509.0
45.000  509.3 509.7
46.000  510.0 510.4
47.000  510.7 511.1
48.000  511.3 511.7
49.000  511.9 512.4
50.000  512.5 513.0
51.000  513.1 513.6
52.000  513.7 514.2
53.000  514.2 514.8
54.000  514.8 515.3
55.000  515.3 515.9
56.000  515.8 516.4
57.000  516.3 516.9
58.000  516.8 517.4
59.000  517.2 517.9
60.000  517.7 518.4
61.000  518.1 518.9
62.000  518.6 519.4
63.000  519.0 519.8
64.000  519.4 520.2
65.000  519.8 520.7
66.000  520.2 521.1
67.000  520.6 521.5
68.000  521.0 521.9
69.000  521.4 522.3
70.000  521.7 522.7
71.000  522.1 523.1
72.000  522.5 523.4
73.000  522.8 523.8
74.000  523.1 524.2
75.000  523.5 524.5
76.000  523.8 524.9
77.000  524.1 525.2
78.000  524.4 525.5
79.000  524.7 525.8
80.000  525.0 526.2
81.000  525.3 526.5
82.000  525.6 526.8
83.000  525.9 527.1
84.000  526.2 527.4
85.000  526.5 527.7
86.000  526.7 527.9
87.000  527.0 528.2
88.000  527.3 528.5
89.000  527.5 528.8
90.000  527.8 529.0
91.000  528.0 529.3
92.000  528.3 529.5
93.000  528.5 529.8
94.000  528.8 530.0
95.000  529.0 530.3
96.000  529.3 530.5
97.000  529.5 530.8
98.000  529.7 531.0
99.000  529.9 531.2
100.000  530.2 531.4
101.000  530.4 531.7
102.000  530.6 531.9
103.000  530.8 532.1
104.000  531.0 532.3
105.000  531.2 532.5
106.000  531.5 532.7
107.000  531.7 532.9
108.000  531.9 533.1
109.000  532.1 533.3
110.000  532.3 533.5
111.000  532.5 533.7
112.000  532.6 533.8
113.000  532.8 534.0
114.000  533.0 534.2
115.000  533.2 534.4
116.000  533.4 534.5
117.000  533.6 534.7
118.000  533.8 534.9
119.000  534.0 535.0
120.000  534.1 535.2
121.000  534.3 535.4
122.000  534.5 535.5
123.000  534.7 535.7
124.000  534.8 535.8
125.000  535.0 536.0
126.000  535.2 536.1
127.000  535.3 536.3
128.000  535.5 536.4
129.000  535.7 536.5
130.000  535.8 536.7
131.000  536.0 536.8
132.000  536.2 536.9
133.000  536.3 537.1
134.000  536.5 537.2
135.000  536.6 537.3
136.000  536.8 537.5
137.000  537.0 537.6
138.000  537.1 537.7
139.000  537.3 537.8
140.000  537.4 537.9
141.000  537.6 538.0
142.000  537.7 538.2
143.000  537.9 538.3
144.000  538.0 538.4
145.000  538.2 538.5
146.000  538.3 538.6
147.000  538.5 538.7
148.000  538.6 538.8
149.000  538.8 538.9
150.000  538.9 539.0
151.000  539.0 539.1
152.000  539.2 539.2
153.000  539.3 539.3
154.000  539.5 539.4
155.000  539.6 539.5
156.000  539.7 539.6
157.000  539.9 539.7
158.000  540.0 539.8
159.000  540.1 539.8
160.000  540.3 539.9
161.000  540.4 540.0
162.000  540.5 540.1
163.000  540.7 540.2
164.000  540.8 540.3
165.000  540.9 540.3
166.000  541.1 540.4
167.000  541.2 540.5
168.000  541.3 540.6
169.000  541.5 540.6
170.000  541.6 540.7
171.000  541.7 540.8
172.000  541.8 540.9
173.000  542.0 540.9
174.000  542.1 541.0
175.000  542.2 541.1
176.000  542.3 541.1
177.000  542.5 541.2
178.000  542.6 541.3
179.000  542.7 541.3
180.000  542.8 541.4
181.000  542.9 541.4
182.000  543.1 541.5
183.000  543.2 541.6
184.000  543.3 541.6
185.000  543.4 541.7
186.000  543.5 541.7
187.000  543.7 541.8
188.000  543.8 541.9
189.000  543.9 541.9
190.000  544.0 542.0
191.000  544.1 542.0
192.000  544.2 542.1
193.000  544.3 542.1
194.000  544.5 542.2
195.000  544.6 542.2
196.000  544.7 542.3
197.000  544.8 542.3
198.000  544.9 542.4
199.000  545.0 542.4
200.000  545.1 542.5
201.000  545.2 542.5
202.000  545.4 542.5
203.000  545.5 542.6
204.000  545.6 542.6
205.000  545.7 542.7
206.000  545.8 542.7
207.000  545.9 542.8
208.000  546.0 542.8
209.000  546.1 542.8
210.000  546.2 542.9
211.000  546.3 542.9
212.000  546.4 543.0
213.000  546.5 543.0
214.000  546.6 543.0
215.000  546.7 543.1
216.000  546.8 543.1
217.000  546.9 543.1
218.000  547.0 543.2
219.000  547.1 543.2
220.000  547.2 543.2
221.000  547.3 543.3
222.000  547.4 543.3
223.000  547.5 543.3
224.000  547.6 543.4
225.000  547.7 543.4
226.000  547.8 543.4
227.000  547.9 543.5
228.000  548.0 543.5
229.000  548.1 543.5
230.000  548.2 543.6
231.000  548.3 543.6
232.000  548.4 543.6
233.000  548.5 543.6
234.000  548.6 543.7
235.000  548.7 543.7
236.000  548.8 543.7
237.000  548.9 543.7
238.000  549.0 543.8
239.000  549.1 543.8
240.000  549.2 543.8
241.000  549.3 543.8
242.000  549.4 543.9
243.000  549.5 543.9
244.000  549.6 543.9
245.000  549.6 543.9
246.000  549.7 544.0
247.000  549.8 544.0
248.000  549.9 544.0
249.000  550.0 544.0
250.000  550.1 544.1
251.000  550.2 544.1
252.000  550.3 544.1
253.000  550.4 544.1
254.000  550.5 544.1
255.000  550.5 544.2
256.000  550.6 544.2
257.000  550.7 544.2
258.000  550.8 544.2
259.000  550.9 544.2
260.000  551.0 544.2
261.000  551.1 544.3
262.000  551.1 544.3
263.000  551.2 544.3
264.000  551.3 544.3
265.000  551.4 544.3
266.000  551.5 544.4
267.000  551.6 544.4
268.000  551.7 544.4
269.000  551.7 544.4
270.000  551.8 544.4
271.000  551.9 544.4
272.000  552.0 544.4
273.000  552.1 544.5
274.000  552.1 544.5
275.000  552.2 544.5
276.000  552.3 544.5
277.000  552.4 544.5
278.000  552.5 544.5
279.000  552.6 544.5
280.000  552.6 544.6
281.000  552.7 544.6
282.000  552.8 544.6
283.000  552.9 544.6
284.000  552.9 544.6
285.000  553.0 544.6
286.000  553.1 544.6
287.000  553.2 544.7
288.000  553.3 544.7
289.000  553.3 544.7
290.000  553.4 544.7
291.000  553.5 544.7
292.000  553.6 544.7
293.000  553.6 544.7
294.000  553.7 544.7
295.000  553.8 544.7
296.000  553.9 544.8
297.000  553.9 544.8
298.000  554.0 544.8
299.000  554.1 544.8
300.000  554.2 544.8
301.000  554.2 544.8
302.000  554.3 544.8
303.000  554.4 544.8
304.000  554.5 544.8
305.000  554.5 544.8
306.000  554.6 544.8
307.000  554.7 544.9
308.000  554.7 544.9
309.000  554.8 544.9
310.000  554.9 544.9
311.000  555.0 544.9
312.000  555.0 544.9
313.000  555.1 544.9
314.000  555.2 544.9
315.000  555.2 544.9
316.000  555.3 544.9
317.000  555.4 544.9
318.000  555.4 544.9
319.000  555.5 545.0
320.000  555.6 545.0
321.000  555.6 545.0
322.000  555.7 545.0
323.000  555.8 545.0
324.000  555.8 545.0
325.000  555.9 545.0
326.000  556.0 545.0
327.000  556.0 545.0
328.000  556.1 545.0
329.000  556.2 545.0
330.000  556.2 545.0
331.000  556.3 545.0
332.000  556.4 545.0
333.000  556.4 545.0
334.000  556.5 545.0
335.000  556.6 545.1
336.000  556.6 545.1
337.000  556.7 545.1
338.000  556.8 545.1
339.000  556.8 545.1
340.000  556.9 545.1
341.000  556.9 545.1
342.000  557.0 545.1
343.000  557.1 545.1
344.000  557.1 545.1
345.000  557.2 545.1
346.000  557.3 545.1
347.000  557.3 545.1
348.000  557.4 545.1
349.000  557.4 545.1
350.000  557.5 545.1
351.000  557.6 545.1
352.000  557.6 545.1
353.000  557.7 545.1
354.000  557.7 545.1
355.000  557.8 545.2
356.000  557.9 545.2
357.000  557.9 545.2
358.000  558.0 545.2
359.000  558.0 545.2
360.000  558.1 545.2
361.000  558.1 545.2
362.000  558.2 545.2
363.000  558.3 545.2
364.000  558.3 545.2
365.000  558.4 545.2
366.000  558.4 545.2
367.000  558.5 545.2
368.000  558.5 545.2
369.000  558.6 545.2
370.000  558.7 545.2
371.000  558.7 545.2
372.000  558.8 545.2
373.000  558.8 545.2
374.000  558.9 545.2
375.000  558.9 545.2
376.000  559.0 545.2
377.000  559.0 545.2
378.000  559.1 545.2
379.000  559.2 545.2
380.000  559.2 545.2
381.000  559.3 545.2
382.000  559.3 545.2
383.000  559.4 545.2
384.000  559.4 545.3
385.000  559.5 545.3
386.000  559.5 545.3
387.000  559.6 545.3
388.000  559.6 545.3
389.000  559.7 545.3
390.000  559.7 545.3
391.000  559.8 545.3
392.000  559.8 545.3
393.000  559.9 545.3
394.000  559.9 545.3
395.000  560.0 545.3
396.000  560.0 545.3
397.000  560.1 545.3
398.000  560.1 545.3
399.000  560.2 545.3
400.000  560.2 545.3
401.000  560.3 545.3
402.000  560.3 545.3
403.000  560.4 545.3
404.000  560.4 545.3
405.000  560.5 545.3
406.000  560.5 545.3
407.000  560.6 545.3
408.000  560.6 545.3
409.000  560.7 545.3
410.000  560.7 545.3
411.000  560.8 545.3
412.000  560.8 545.3
413.000  560.9 545.3
414.000  560.9 545.3
415.000  561.0 545.3
416.000  561.0 545.3
417.000  561.1 545.3
418.000  561.1 545.3
419.000  561.2 545.3
420.000  561.2 545.3
421.000  561.2 545.3
422.000  561.3 545.3
423.000  561.3 545.3
424.000  561.4 545.3
425.000  561.4 545.3
426.000  561.5 545.3
427.000  561.5 545.3
428.000  561.6 545.3
429.000  561.6 545.3
430.000  561.7 545.3
431.000  561.7 545.3
432.000  561.7 545.3
433.000  561.8 545.3
434.000  561.8 545.3
435.000  561.9 545.3
436.000  561.9 545.3
437.000  562.0 545.3
438.000  562.0 545.3
439.000  562.0 545.4
440.000  562.1 545.4
441.000  562.1 545.4
442.000  562.2 545.4
443.000  562.2 545.4
444.000  562.3 545.4
445.000  562.3 545.4
446.000  562.3 545.4
447.000  562.4 545.4
448.000  562.4 545.4
449.000  562.5 545.4
450.000  562.5 545.4
451.000  562.5 545.4
452.000  562.6 545.4
453.000  562.6 545.4
454.000  562.7 545.4
455.000  562.7 545.4
456.000  562.7 545.4
457.000  562.8 545.4
458.000  562.8 545.4
459.000  562.9 545.4
460.000  562.9 545.4
461.000  562.9 545.4
462.000  563.0 545.4
463.000  563.0 545.4
464.000  563.1 545.4
465.000  563.1 545.4
466.000  563.1 545.4
467.000  563.2 545.4
468.000  563.2 545.4
469.000  563.3 545.4
470.000  563.3 545.4
471.000  563.3 545.4
472.000  563.4 545.4
473.000  563.4 545.4
474.000  563.4 545.4
475.000  563.5 545.4
476.000  563.5 545.4
477.000  563.6 545.4
478.000  563.6 545.4
479.000  563.6 545.4
480.000  563.7 545.4
481.000  563.7 545.4
482.000  563.7 545.4
483.000  563.8 545.4
484.000  563.8 545.4
485.000  563.8 545.4
486.000  563.9 545.4
487.000  563.9 545.4
488.000  563.9 545.4
489.000  564.0 545.4
490.000  564.0 545.4
491.000  564.1 545.4
492.000  564.1 545.4
493.000  564.1 545.4
494.000  564.2 545.4
495.000  564.2 545.4
496.000  564.2 545.4
497.000  564.3 545.4
498.000  564.3 545.4
499.000  564.3 545.4
500.000  564.4 545.4
501.000  564.4 545.4
502.000  564.4 545.4
503.000  564.5 545.4
504.000  564.5 545.4
505.000  564.5 545.4
506.000  564.6 545.4
507.000  564.6 545.4
508.000  564.6 545.4
509.000  564.7 545.4
510.000  564.7 545.4
511.000  564.7 545.4
512.000  564.8 545.4
513.000  564.8 545.4
514.000  564.8 545.4
515.000  564.9 545.4
516.000  564.9 545.4
517.000  564.9 545.4
518.000  564.9 545.4
519.000  565.0 545.4
520.000  565.0 545.4
521.000  565.0 545.4
522.000  565.1 545.4
523.000  565.1 545.4
524.000  565.1 545.4
525.000  565.2 545.4
526.000  565.2 545.4
527.000  565.2 545.4
528.000  565.3 545.4
529.000  565.3 545.4
530.000  565.3 545.4
531.000  565.3 545.4
532.000  565.4 545.4
533.000  565.4 545.4
534.000  565.4 545.4
535.000  565.5 545.4
536.000  565.5 545.4
537.000  565.5 545.4
538.000  565.6 545.4
539.000  565.6 545.4
540.000  565.6 545.4
541.000  565.6 545.4
542.000  565.7 545.4
543.000  565.7 545.4
544.000  565.7 545.4
545.000  565.8 545.4
546.000  565.8 545.4
547.000  565.8 545.4
548.000  565.8 545.4
549.000  565.9 545.4
550.000  565.9 545.4
551.000  565.9 545.4
552.000  565.9 545.4
553.000  566.0 545.4
554.000  566.0 545.4
555.000  566.0 545.4
556.000  566.1 545.4
557.000  566.1 545.4
558.000  566.1 545.4
559.000  566.1 545.4
560.000  566.2 545.4
561.000  566.2 545.4
562.000  566.2 545.4
563.000  566.2 545.4
564.000  566.3 545.4
565.000  566.3 545.4
566.000  566.3 545.4
567.000  566.3 545.4
568.000  566.4 545.4
569.000  566.4 545.4
570.000  566.4 545.4
571.000  566.4 545.4
572.000  566.5 545.4
573.000  566.5 545.4
574.000  566.5 545.4
575.000  566.6 545.4
576.000  566.6 545.4
577.000  566.6 545.4
578.000  566.6 545.4
579.000  566.7 545.4
580.000  566.7 545.4
581.000  566.7 545.4
582.000  566.7 545.4
583.000  566.7 545.4
584.000  566.8 545.4
585.000  566.8 545.4
586.000  566.8 545.4
587.000  566.8 545.4
588.000  566.9 545.4
589.000  566.9 545.4
590.000  566.9 545.4
591.000  566.9 545.4
592.000  567.0 545.4
593.000  567.0 545.4
594.000  567.0 545.4
595.000  567.0 545.4
596.000  567.1 545.4
597.000  567.1 545.4
598.000  567.1 545.4
599.000  567.1 545.4
600.000  567.1 545.4
601.000  567.2 545.4
602.000  567.2 545.4
603.000  567.2 545.4
604.000  567.2 545.4
605.000  567.3 545.4
606.000  567.3 545.4
607.000  567.3 545.4
608.000  567.3 545.4
609.000  567.4 545.4
610.000  567.4 545.4
611.000  567.4 545.4
612.000  567.4 545.4
613.000  567.4 545.4
614.000  567.5 545.4
615.000  567.5 545.4
616.000  567.5 545.4
617.000  567.5 545.4
618.000  567.5 545.4
619.000  567.6 545.4
620.000  567.6 545.4
621.000  567.6 545.4
622.000  567.6 545.4
623.000  567.7 545.4
624.000  567.7 545.4
625.000  567.7 545.4
626.000  567.7 545.4
627.000  567.7 545.4
628.000  567.8 545.4
629.000  567.8 545.4
630.000  567.8 545.4
631.000  567.8 545.4
632.000  567.8 545.4
633.000  567.9 545.4
634.000  567.9 545.4
635.000  567.9 545.4
636.000  567.9 545.4
637.000  567.9 545.4
638.000  568.0 545.4
639.000  568.0 545.4
640.000  568.0 545.4
641.000  568.0 545.4
642.000  568.0 545.4
643.000  568.1 545.4
644.000  568.1 545.4
645.000  568.1 545.4
646.000  568.1 545.4
647.000  568.1 545.4
648.000  568.1 545.4
649.000  568.2 545.4
650.000  568.2 545.4
651.000  568.2 545.4
652.000  568.2 545.4
653.000  568.2 545.4
654.000  568.3 545.4
655.000  568.3 545.4
656.000  568.3 545.4
657.000  568.3 545.4
658.000  568.3 545.4
659.000  568.4 545.4
660.000  568.4 545.4
661.000  568.4 545.4
662.000  568.4 545.4
663.000  568.4 545.4
664.000  568.4 545.4
665.000  568.5 545.4
666.000  568.5 545.4
667.000  568.5 545.4
668.000  568.5 545.4
669.000  568.5 545.4
670.000  568.5 545.4
671.000  568.6 545.4
672.000  568.6 545.4
673.000  568.6 545.4
674.000  568.6 545.4
675.000  568.6 545.4
676.000  568.6 545.4
677.000  568.7 545.4
678.000  568.7 545.4
679.000  568.7 545.4
680.000  568.7 545.4
681.000  568.7 545.4
682.000  568.8 545.4
683.000  568.8 545.4
684.000  568.8 545.4
685.000  568.8 545.4
686.000  568.8 545.4
687.000  568.8 545.4
688.000  568.8 545.4
689.000  568.9 545.4
690.000  568.9 545.4
691.000  568.9 545.4
692.000  568.9 545.4
693.000  568.9 545.4
694.000  568.9 545.4
695.000  569.0 545.4
696.000  569.0 545.4
697.000  569.0 545.4
698.000  569.0 545.4
699.000  569.0 545.4
700.000  569.0 545.4
701.000  569.1 545.4
702.000  569.1 545.4
703.000  569.1 545.4
704.000  569.1 545.4
705.000  569.1 545.4
706.000  569.1 545.4
707.000  569.1 545.4
708.000  569.2 545.4
709.000  569.2 545.4
710.000  569.2 545.4
711.000  569.2 545.4
712.000  569.2 545.4
713.000  569.2 545.4
714.000  569.2 545.4
715.000  569.3 545.4
716.000  569.3 545.4
717.000  569.3 545.4
718.000  569.3 545.4
719.000  569.3 545.4
720.000  569.3 545.4
721.000  569.3 545.4
722.000  569.4 545.4
723.000  569.4 545.4
724.000  569.4 545.4
725.000  569.4 545.4
726.000  569.4 545.4
727.000  569.4 545.4
728.000  569.4 545.4
729.000  569.5 545.4
730.000  569.5 545.4
731.000  569.5 545.4
732.000  569.5 545.4
733.000  569.5 545.4
734.000  569.5 545.4
735.000  569.5 545.4
736.000  569.6 545.4
737.000  569.6 545.4
738.000  569.6 545.4
739.000  569.6 545.4
740.000  569.6 545.4
741.000  569.6 545.4
742.000  569.6 545.4
743.000  569.6 545.4
744.000  569.7 545.4
745.000  569.7 545.4
746.000  569.7 545.4
747.000  569.7 545.4
748.000  569.7 545.4
749.000  569.7 545.4
750.000  569.7 545.4
751.000  569.8 545.4
752.000  569.8 545.4
753.000  569.8 545.4
754.000  569.8 545.4
755.000  569.8 545.4
756.000  569.8 545.4
757.000  569.8 545.4
758.000  569.8 545.4
759.000  569.9 545.4
760.000  569.9 545.4
761.000  569.9 545.4
762.000  569.9 545.4
763.000  569.9 545.4
764.000  569.9 545.4
765.000  569.9 545.4
766.000  569.9 545.4
767.000  569.9 545.4
768.000  570.0 545.4
769.000  570.0 545.4
770.000  570.0 545.4
771.000  570.0 545.4
772.000  570.0 545.4
773.000  570.0 545.4
774.000  570.0 545.4
775.000  570.0 545.4
776.000  570.1 545.4
777.000  570.1 545.4
778.000  570.1 545.4
779.000  570.1 545.4
780.000  570.1 545.4
781.000  570.1 545.4
782.000  570.1 545.4
783.000  570.1 545.4
784.000  570.1 545.4
785.000  570.2 545.4
786.000  570.2 545.4
787.000  570.2 545.4
788.000  570.2 545.4
789.000  570.2 545.4
790.000  570.2 545.4
791.000  570.2 545.4
792.000  570.2 545.4
793.000  570.2 545.4
794.000  570.3 545.4
795.000  570.3 545.4
796.000  570.3 545.4
797.000  570.3 545.4
798.000  570.3 545.4
799.000  570.3 545.4
800.000  570.3 545.4
801.000  570.3 545.4
802.000  570.3 545.4
803.000  570.3 545.4
804.000  570.4 545.4
805.000  570.4 545.4
806.000  570.4 545.4
807.000  570.4 545.4
808.000  570.4 545.4
809.000  570.4 545.4
810.000  570.4 545.4
811.000  570.4 545.4
812.000  570.4 545.4
813.000  570.4 545.4
814.000  570.5 545.4
815.000  570.5 545.4
816.000  570.5 545.4
817.000  570.5 545.4
818.000  570.5 545.4
819.000  570.5 545.4
820.000  570.5 545.4
821.000  570.5 545.4
822.000  570.5 545.4
823.000  570.5 545.4
824.000  570.6 545.4
825.000  570.6 545.4
826.000  570.6 545.4
827.000  570.6 545.4
828.000  570.6 545.4
829.000  570.6 545.4
830.000  570.6 545.4
831.000  570.6 545.4
832.000  570.6 545.4
833.000  570.6 545.4
834.000  570.6 545.4
835.000  570.7 545.4
836.000  570.7 545.4
837.000  570.7 545.4
838.000  570.7 545.4
839.000  570.7 545.4
840.000  570.7 545.4
841.000  570.7 545.4
842.000  570.7 545.4
843.000  570.7 545.4
844.000  570.7 545.4
845.000  570.7 545.4
846.000  570.8 545.4
847.000  570.8 545.4
848.000  570.8 545.4
849.000  570.8 545.4
850.000  570.8 545.4
851.000  570.8 545.4
852.000  570.8 545.4
853.000  570.8 545.4
854.000  570.8 545.4
855.000  570.8 545.4
856.000  570.8 545.4
857.000  570.9 545.4
858.000  570.9 545.4
859.000  570.9 545.4
860.000  570.9 545.4
861.000  570.9 545.4
862.000  570.9 545.4
863.000  570.9 545.4
864.000  570.9 545.4
865.000  570.9 545.4
866.000  570.9 545.4
867.000  570.9 545.4
868.000  570.9 545.4
869.000  570.9 545.4
870.000  571.0 545.4
871.000  571.0 545.4
872.000  571.0 545.4
873.000  571.0 545.4
874.000  571.0 545.4
875.000  571.0 545.4
876.000  571.0 545.4
877.000  571.0 545.4
878.000  571.0 545.4
879.000  571.0 545.4
880.000  571.0 545.4
881.000  571.0 545.4
882.000  571.1 545.4
883.000  571.1 545.4
884.000  571.1 545.4
885.000  571.1 545.4
886.000  571.1 545.4
887.000  571.1 545.4
888.000  571.1 545.4
889.000  571.1 545.4
890.000  571.1 545.4
891.000  571.1 545.4
892.000  571.1 545.4
893.000  571.1 545.4
894.000  571.1 545.4
895.000  571.1 545.4
896.000  571.2 545.4
897.000  571.2 545.4
898.000  571.2 545.4
899.000  571.2 545.4
