0.000000  2000.0
14375000.000000  2000.0
28750000.000000  2000.0
43125000.000000  2000.0
57500000.000000  2000.0
71875000.000000  2000.0
86250000.000000  2000.0
100625000.000000  2000.0
115000000.000000  2000.0
129375000.000000  2000.0
143750000.000000  2000.0
158125000.000000  2000.0
172500000.000000  2000.0
186875000.000000  2000.0
201250000.000000  2000.0
215625000.000000  2000.0
230000000.000000  2000.0
244375000.000000  2000.0
258750000.000000  2000.0
273125000.000000  2000.0
287500000.000000  2000.0
301875000.000000  2000.0
316250000.000000  2000.0
330625000.000000  2000.0
345000000.000000  2000.0
359375000.000000  2000.0
373750000.000000  2000.0
388125000.000000  2000.0
402500000.000000  2000.0
416875000.000000  2000.0
431250000.000000  2000.0
445625000.000000  2000.0
460000000.000000  2000.0
474375000.000000  2000.0
488750000.000000  2000.0
503125000.000000  2000.0
517500000.000000  2000.0
531875000.000000  2000.0
546250000.000000  2000.0
560625000.000000  2000.0
575000000.000000  2000.0
589375000.000000  2000.0
603750000.000000  2000.0
618125000.000000  2000.0
632500000.000000  2000.0
646875000.000000  2000.0
661250000.000000  2000.0
675625000.000000  2000.0
690000000.000000  2000.0
704375000.000000  2000.0
718750000.000000  2000.0
733125000.000000  2000.0
747500000.000000  2000.0
761875000.000000  2000.0
776250000.000000  2000.0
790625000.000000  2000.0
805000000.000000  2000.0
819375000.000000  2000.0
833750000.000000  2000.0
848125000.000000  2000.0
862500000.000000  2000.0
876875000.000000  2000.0
891250000.000000  2000.0
905625000.000000  2000.0
920000000.000000  2000.0
934375000.000000  2000.0
948750000.000000  2000.0
963125000.000000  2000.0
977500000.000000  2000.0
991875000.000000  2000.0
1006250000.000000  2000.0
1020625000.000000  2000.0
1035000000.000000  2000.0
1049375000.000000  2000.0
1063750000.000000  2000.0
1078125000.000000  2000.0
1092500000.000000  2000.0
1106875000.000000  2000.0
1121250000.000000  2000.0
1135625000.000000  2000.0
1150000000.000000  2000.0
1164375000.000000  2000.0
1178750000.000000  2000.0
1193125000.000000  2000.0
1207500000.000000  2000.0
1221875000.000000  2000.0
1236250000.000000  2000.0
1250625000.000000  2000.0
1265000000.000000  2000.0
1279375000.000000  2000.0
1293750000.000000  2000.0
1308125000.000000  2000.0
1322500000.000000  2000.0
1336875000.000000  2000.0
1351250000.000000  2000.0
1365625000.000000  2000.0
1380000000.000000  2000.0
1394375000.000000  2000.0
1408750000.000000  2000.0
1423125000.000000  2000.0
1437500000.000000  2000.0
1451875000.000000  2000.0
1466250000.000000  2000.0
1480625000.000000  2000.0
1495000000.000000  2000.0
1509375000.000000  2000.0
1523750000.000000  2000.0
1538125000.000000  2000.0
1552500000.000000  2000.0
1566875000.000000  2000.0
1581250000.000000  2000.0
1595625000.000000  2000.0
1610000000.000000  2000.0
1624375000.000000  2000.0
1638750000.000000  2000.0
1653125000.000000  2000.0
1667500000.000000  2000.0
1681875000.000000  2000.0
1696250000.000000  2000.0
1710625000.000000  2000.0
1725000000.000000  2000.0
1739375000.000000  2000.0
1753750000.000000  2000.0
1768125000.000000  2000.0
1782500000.000000  2000.0
1796875000.000000  2000.0
1811250000.000000  2000.0
1825625000.000000  2000.0
1840000000.000000  2000.0
1854375000.000000  2000.0
1868750000.000000  2000.0
1883125000.000000  2000.0
1897500000.000000  2000.0
1911875000.000000  2000.0
1926250000.000000  2000.0
1940625000.000000  2000.0
1955000000.000000  2000.0
1969375000.000000  2000.0
1983750000.000000  2000.0
1998125000.000000  2000.0
2012500000.000000  2000.0
2026875000.000000  2000.0
2041250000.000000  2000.0
2055625000.000000  2000.0
2070000000.000000  2000.0
2084375000.000000  2000.0
2098750000.000000  2000.0
2113125000.000000  2000.0
2127500000.000000  2000.0
2141875000.000000  2000.0
2156250000.000000  2000.0
2170625000.000000  2000.0
2185000000.000000  2000.0
2199375000.000000  2000.0
2213750000.000000  2000.0
2228125000.000000  2000.0
2242500000.000000  2000.0
2256875000.000000  2000.0
2271250000.000000  2000.0
2285625000.000000  2000.0
2300000000.000000  2000.0
2314375000.000000  2000.0
2328750000.000000  2000.0
2343125000.000000  2000.0
2357500000.000000  2000.0
2371875000.000000  2000.0
2386250000.000000  2000.0
2400625000.000000  2000.0
2415000000.000000  2000.0
2429375000.000000  2000.0
2443750000.000000  2000.0
2458125000.000000  2000.0
2472500000.000000  2000.0
2486875000.000000  2000.0
2501250000.000000  2000.0
2515625000.000000  2000.0
2530000000.000000  2000.0
2544375000.000000  2000.0
2558750000.000000  2000.0
2573125000.000000  2000.0
2587500000.000000  2000.0
2601875000.000000  2000.0
2616250000.000000  2000.0
2630625000.000000  2000.0
2645000000.000000  2000.0
2659375000.000000  2000.0
2673750000.000000  2000.0
2688125000.000000  2000.0
2702500000.000000  2000.0
2716875000.000000  2000.0
2731250000.000000  2000.0
2745625000.000000  2000.0
2760000000.000000  2000.0
2774375000.000000  2000.0
2788750000.000000  2000.0
2803125000.000000  2000.0
2817500000.000000  2000.0
2831875000.000000  2000.0
2846250000.000000  2000.0
2860625000.000000  2000.0
2875000000.000000  2000.0
2889375000.000000  2000.0
2903750000.000000  2000.0
2918125000.000000  2000.0
2932500000.000000  2000.0
2946875000.000000  2000.0
2961250000.000000  2000.0
2975625000.000000  2000.0
2990000000.000000  2000.0
3004375000.000000  2000.0
3018750000.000000  2000.0
3033125000.000000  2000.0
3047500000.000000  2000.0
3061875000.000000  2000.0
3076250000.000000  2000.0
3090625000.000000  2000.0
3105000000.000000  2000.0
3119375000.000000  2000.0
3133750000.000000  2000.0
3148125000.000000  2000.0
3162500000.000000  2000.0
3176875000.000000  2000.0
3191250000.000000  2000.0
3205625000.000000  2000.0
3220000000.000000  2000.0
3234375000.000000  2000.0
3248750000.000000  2000.0
3263125000.000000  2000.0
3277500000.000000  2000.0
3291875000.000000  2000.0
3306250000.000000  2000.0
3320625000.000000  2000.0
3335000000.000000  2000.0
3349375000.000000  2000.0
3363750000.000000  2000.0
3378125000.000000  2000.0
3392500000.000000  2000.0
3406875000.000000  2000.0
3421250000.000000  2000.0
3435625000.000000  2000.0
3450000000.000000  2000.0
3464375000.000000  2000.0
3478750000.000000  2000.0
3493125000.000000  2000.0
3507500000.000000  2000.0
3521875000.000000  2000.0
3536250000.000000  2000.0
3550625000.000000  2000.0
3565000000.000000  2000.0
3579375000.000000  2000.0
3593750000.000000  2000.0
3608125000.000000  2000.0
3622500000.000000  2000.0
3636875000.000000  2000.0
3651250000.000000  2000.0
3665625000.000000  2000.0
3680000000.000000  2000.0
3694375000.000000  2000.0
3708750000.000000  2000.0
3723125000.000000  2000.0
3737500000.000000  2000.0
3751875000.000000  2000.0
3766250000.000000  2000.0
3780625000.000000  2000.0
3795000000.000000  2000.0
3809375000.000000  2000.0
3823750000.000000  2000.0
3838125000.000000  2000.0
3852500000.000000  2000.0
3866875000.000000  2000.0
3881250000.000000  2000.0
3895625000.000000  2000.0
3910000000.000000  2000.0
3924375000.000000  2000.0
3938750000.000000  2000.0
3953125000.000000  2000.0
3967500000.000000  2000.0
3981875000.000000  2000.0
3996250000.000000  2000.0
4010625000.000000  2000.0
4025000000.000000  2000.0
4039375000.000000  2000.0
4053750000.000000  2000.0
4068125000.000000  2000.0
4082500000.000000  2000.0
4096875000.000000  2000.0
4111250000.000000  2000.0
4125625000.000000  2000.0
4140000000.000000  2000.0
4154375000.000000  2000.0
4168750000.000000  2000.0
4183125000.000000  2000.0
4197500000.000000  2000.0
4211875000.000000  2000.0
4226250000.000000  2000.0
4240625000.000000  2000.0
4255000000.000000  2000.0
4269375000.000000  2000.0
4283750000.000000  2000.0
4298125000.000000  2000.0
4312500000.000000  2000.0
4326875000.000000  2000.0
4341250000.000000  2000.0
4355625000.000000  2000.0
4370000000.000000  2000.0
4384375000.000000  2000.0
4398750000.000000  2000.0
4413125000.000000  2000.0
4427500000.000000  2000.0
4441875000.000000  2000.0
4456250000.000000  2000.0
4470625000.000000  2000.0
4485000000.000000  2000.0
4499375000.000000  2000.0
4513750000.000000  2000.0
4528125000.000000  2000.0
4542500000.000000  2000.0
4556875000.000000  2000.0
4571250000.000000  2000.0
4585625000.000000  2000.0
